%YAML:1.0
---
camera_matrix: !!opencv-matrix
   rows: 3
   cols: 3
   dt: d
   data: [ 2.4297285170630096e+02, 0., 4.7781145495736632e+02, 0.,
       2.4245550585437590e+02, 3.2138541475824496e+02, 0., 0., 1. ]
dist_coeffs: !!opencv-matrix
   rows: 4
   cols: 1
   dt: d
   data: [ 7.9202665302968586e-02, -2.7506662676123777e-04,
       7.3029033110309817e-03, -1.5397047295235965e-03 ]
resolution: !!opencv-matrix
   rows: 2
   cols: 1
   dt: i
   data: [ 960, 640 ]
project_matrix: !!opencv-matrix
   rows: 3
   cols: 3
   dt: d
   data: [ -2.7247119078105038e+00, -1.1282970550576209e+01,
       2.1062279129321414e+03, 2.1595871480361254e-15,
       -8.7323943661972052e+00, 1.1338028169014106e+03,
       2.5429504411336710e-18, -1.4084507042253551e-02, 1. ]
scale_xy: !!opencv-matrix
   rows: 2
   cols: 1
   dt: f
   data: [ 5.00000000e-01, 8.00000012e-01 ]
shift_xy: !!opencv-matrix
   rows: 2
   cols: 1
   dt: f
   data: [ 0., -50. ]
